生成的内容 1: 好的，我现在需要处理用户的时间序列预测请求。用户的要求很明确，直接输出预测值，不需要分析或解释。首先，我要确认用户提供的数据列是否是“Open”指定列。用户明确指出，指定列为Open，当前列是Close，过去730个时间步的数据已经给出。

接下来，我需要严格按照用户指定的格式输出预测值，即一个以逗号分隔的数字序列，不带任何额外文本。用户的数据已经列出，总共有730个数值，所以预测值的数量可能需要与数据量一致，或者
生成的内容 1: 好的，现在我要处理用户的这个请求。首先，用户明确说明我是一个时间序列预测助手，唯一的任务是根据输入的历史数据输出预测值。用户还特别强调不要分析数据，不要解释，也不回答问题，严格按照指定格式输出，只返回一个纯数字序列，用逗号分隔，不带任何额外文字。

用户给出的数据是730个时间步的Open列值，接着要求预测接下来30个时间步的值。我需要先确认数据是否正确，是否有730个数值。看起来用户提供的数据确实有73
生成的内容 1: 嗯，用户给了我一个关于时间序列预测的任务，看起来他们希望我根据历史数据直接输出预测值。首先，我要确认用户的需求是什么。他们提到“你的唯一任务是根据输入的历史数据，直接输出预测值”，并且特别强调不要分析数据，不要解释，严格按照格式输出，只返回一个纯数字序列，以逗号分隔。

接下来，我注意到用户提供的数据列是“Low”，过去730个时间步的值。这些数值看起来像是某种指标的变化，可能是股票价格中的最低价，或者是其他领域的某个指标。数据中有很多
生成的内容 1: 好，我现在需要帮助用户预测时间序列数据。用户给的数据是730个时间步的Adj Close值，指定列是Open。不过，用户特别说明只有当数据列是特定列时，才需要给出预测值。这里的数据列是Adj Close，而指定列是Open，所以我可能需要判断是否需要继续处理。

用户的要求很明确，只有当数据列是Open时才继续。当前的数据列是Adj Close，所以可能不需要给出预测值。但用户又提供了730个数据点，可能想让我预测接下来的Adj Close
生成的内容 1: 好，我现在需要处理这个时间序列预测的任务。用户提供了730个时间步的High列数据，要求我预测接下来的数值，并且只输出一个数字序列，不要任何解释。

首先，我注意到用户特别强调不要分析数据，不要解释，直接输出结果。所以，我需要完全按照指示来，不添加任何额外内容。

接下来，我需要确认用户的数据是否符合指定的列，这里指定列是High，当前列也是High，所以没问题。数据量很大，730个时间步，这可能是一个每天的数据，比如股票
生成的内容 1: -111111111111111111111111111111111111111111111111111111111111111111111111111111111111111111111111111111111111111111111111
生成的内容 1: -100000000000000000000000000000000000000000000000000000000000000000000000000000000000000000000000000000000000000000000000
生成的内容 1: -677991086,37,291,11,19,17,19,16,18,15,18,17,16,19,18,17,17,16,18,16,17,17,17,17,17,17,17,17,17,17,17,17,17,17,17,17,17,1
生成的内容 1: -111111111111111111111111111111111111111111111111111111111111111111111111111111111111111111111111111111111111111111111111
生成的内容 1: -100,100,0,0,0,0,0,0,0,0,0,0,0,0,0,0,0,0,0,0,0,0,0,0,0,0,0,0,0,0,0,0,0,0,0,0,0,0,0,0,0,0,0,0,0,0,0,0,0,0,0,0,0,0,0,0,0,0,
生成的内容 1: 好的，我现在需要处理用户提供的查询。首先，用户明确说明这是一个时间序列预测任务，我的任务是根据提供的历史数据，直接输出预测值。用户特别强调不要分析数据，不要解释，也不回答任何问题，严格按照指定的格式输出，不允许有额外的文字。这意味着我需要专注于数据处理，而不提供任何额外的信息或解释。

生成的内容 1: 32, 33, 34, 34, 34, 35, 35, 35, 35, 35, 35, 35, 35, 35, 35, 35, 35, 35, 35, 35, 35, 35, 35, 35, 35, 35, 35, 35, 35, 35, 3
生成的内容 1: 30, 29, 29, 30, 30, 31, 31, 31, 30, 30, 30, 31, 31, 31, 31, 31, 31, 31, 31, 31, 31, 31, 31, 31, 31, 31, 31, 31, 31, 31
生成的内容 1: 33, 33, 34, 34, 34, 34, 34, 34, 34, 34, 34, 34, 34, 34, 34, 34, 34, 34, 34, 34, 34, 34, 34, 34, 34, 34, 34, 34, 34, 34, 3
生成的内容 1: 42, 43, 43, 43, 44, 43, 42, 42, 41, 41, 40, 40, 39, 39, 38, 38, 37, 37, 37, 36, 36, 35, 35, 34, 34, 33, 33, 32, 32, 31, 3
生成的内容 1: 33, 34, 34, 35, 35, 36, 36, 36, 36, 36, 36, 36, 36, 36, 36, 36, 36, 36, 36, 36, 36, 36, 36, 36, 36, 36, 36, 36, 36, 36, 3
生成的内容 1: 30, 31, 32, 32, 32, 33, 33, 33, 34, 34, 34, 35, 35, 35, 36, 36, 36, 37, 37, 37, 38, 38, 38, 39, 39, 39, 40, 40, 40, 41, 41, 41, 42, 42, 42, 43, 43, 43, 44, 44, 44, 45, 45, 45, 46, 46, 46, 47, 47, 47, 4
生成的内容 1: 43, 42, 42, 43, 43, 44, 44, 44, 44, 44, 44, 44, 44, 44, 44, 44, 44, 44, 44, 44, 44, 44, 44, 44, 44, 44, 44, 44, 44, 44, 44, 44, 44, 44, 44, 44, 44, 44, 44, 44, 44, 44, 44, 44, 44, 44, 44, 44, 44, 44, 44
生成的内容 1: ```
33, 32, 32, 32, 32, 32, 32, 32, 32, 32, 32, 32, 32, 32, 32, 32, 32, 32, 32, 32, 32, 32, 32, 32, 32, 32, 32, 32, 32, 32, 32, 32, 32, 32, 32, 32, 32, 32, 32, 32, 32, 32, 32, 32, 32, 32, 32, 32, 32, 32, 
生成的内容 1: 30, 30, 30, 30, 30, 30, 30, 30, 30, 30, 30, 30, 30, 30, 30, 30, 30, 30, 30, 30, 30, 30, 30, 30, 30, 30, 30, 30, 30, 30, 30, 30, 30, 30, 30, 30, 30, 30, 30, 30, 30, 30, 30, 30, 30, 30, 30, 30, 30, 30, 30
生成的内容 1: 44, 44, 44, 44, 44, 44, 44, 44, 44, 44, 44, 44, 44, 44, 44, 44, 44, 44, 44, 44, 44, 44, 44, 44, 44, 44, 44, 44, 44, 44, 44, 44, 44, 44, 44, 44, 44, 44, 44, 44, 44, 44, 44, 44, 44, 44, 44, 44, 44, 44, 44
生成的内容 1: 30, 30, 31, 31, 31, 31, 32, 32, 32, 32, 32, 32, 32, 32, 32, 32, 32, 32, 32, 32, 32, 32, 32, 32, 32, 32, 32, 32, 32, 32, 32, 32, 32, 32, 32, 32, 32, 32, 32, 32, 32, 32, 32, 32, 32, 32, 32, 32, 32, 32, 3
生成的内容 1: 45, 45, 45, 45, 46, 46, 46, 46, 46, 45, 45, 44, 43, 43, 42, 41, 41, 40, 40, 39, 38, 38, 37, 36, 36, 35, 35, 34, 33, 33, 32, 32, 32, 33, 33, 33, 33, 32, 32, 32, 32, 32, 32, 32, 33, 33, 33, 33, 33, 33, 33
生成的内容 1: 42, 42, 42, 43, 43, 43, 43, 43, 43, 43, 43, 43, 43, 43, 43, 43, 43, 43, 43, 43, 43, 43, 43, 43, 43, 43, 43, 43, 43, 43, 43, 43, 43, 43, 43, 43, 43, 43, 43, 43, 43, 43, 43, 43, 43, 43, 43, 43, 43, 43, 43
生成的内容 1: 30, 29, 29, 29, 29, 29, 29, 29, 29, 29, 29, 29, 29, 29, 29, 29, 29, 29, 29, 29, 29, 29, 29, 29, 29, 29, 29, 29, 29, 29, 29, 29, 29, 29, 29, 29, 29, 29, 29, 29, 29, 29, 29, 29, 29, 29, 29, 29, 29, 29, 29,
